X               Y               
3              1              
3.02           1.106666667    
3.04           1.21200883     
3.06           1.316061345    
3.08           1.418857929    
3.1            1.520431203    
3.12           1.620812736    
3.14           1.720033085    
3.16           1.818121836    
3.18           1.915107635    
3.2            2.011018231    
3.22           2.105880503    
3.24           2.199720497    
3.26           2.292563454    
3.28           2.384433841    
3.3            2.475355379    
3.32           2.565351072    
3.34           2.654443227    
3.36           2.742653488    
3.38           2.830002851    
3.4            2.916511693    
3.42           3.002199791    
3.44           3.087086343    
3.46           3.17118999     
3.48           3.254528835    
3.5            3.337120457    
3.52           3.418981938    
3.54           3.50012987     
3.56           3.58058038     
3.58           3.66034914     
3.6            3.739451384    
3.62           3.817901924    
3.64           3.895715163    
3.66           3.972905106    
3.68           4.049485378    
3.7            4.125469233    
3.72           4.200869565    
3.74           4.275698925    
3.76           4.349969524    
3.78           4.423693253    
3.8            4.496881684    
3.82           4.569546087    
3.84           4.641697437    
3.86           4.713346422    
3.88           4.784503454    
3.9            4.855178676    
3.92           4.925381972    
3.94           4.995122972    
3.96           5.064411064    
3.98           5.133255397    
4.0            5.20166489     
4.02           5.269648241    
4.04           5.33721393     
4.06           5.404370228    
4.08           5.471125201    
4.1            5.537486719    
4.12           5.603462458    
4.14           5.66905991     
4.16           5.734286384    
4.18           5.799149015    
4.2            5.863654766    
4.22           5.927810435    
4.24           5.991622659    
4.26           6.055097916    
4.28           6.118242537    
4.3            6.1810627      
4.32           6.243564443    
4.34           6.305753661    
4.36           6.367636115    
4.38           6.429217435    
4.4            6.490503121    
4.42           6.551498547    
4.44           6.612208968    
4.46           6.672639517    
4.48           6.732795217    
4.5            6.792680974    
4.52           6.852301587    
4.54           6.91166175     
4.56           6.970766052    
4.58           7.029618981    
4.6            7.088224929    
4.62           7.146588191    
4.64           7.204712968    
4.66           7.262603374    
4.68           7.320263431    
4.7            7.377697076    
4.72           7.434908165    
4.74           7.491900469    
4.76           7.54867768     
4.78           7.605243414    
4.8            7.66160121     
4.82           7.717754533    
4.84           7.773706777    
4.86           7.829461267    
4.88           7.885021256    
4.9            7.940389935    
4.92           7.995570425    
4.94           8.050565787    
4.96           8.10537902     
4.98           8.16001306     
5.0            8.214470786    
5.02           8.26875502     
5.04           8.322868526    
5.06           8.376814014    
5.08           8.43059414     
5.1            8.484211509    
5.12           8.537668674    
5.14           8.590968137    
5.16           8.644112354    
5.18           8.697103731    
5.2            8.749944629    
5.22           8.802637363    
5.24           8.855184203    
5.26           8.907587377    
5.28           8.95984907     
5.3            9.011971425    
5.32           9.063956547    
5.34           9.115806497    
5.36           9.167523303    
5.38           9.21910895     
5.4            9.270565389    
5.42           9.321894534    
5.44           9.373098264    
5.46           9.424178424    
5.48           9.475136824    
5.5            9.525975241    
5.52           9.576695421    
5.54           9.627299078    
5.56           9.677787893    
5.58           9.72816352     
5.6            9.778427581    
5.62           9.828581669    
5.64           9.878627351    
5.66           9.928566164    
5.68           9.978399619    
5.7            10.0281292     
5.72           10.07775636    
5.74           10.12728254    
5.76           10.17670914    
5.78           10.22603755    
5.8            10.27526913    
5.82           10.3244052     
5.84           10.37344709    
5.86           10.42239608    
5.88           10.47125345    
5.9            10.52002043    
5.92           10.56869826    
5.94           10.61728814    
5.96           10.66579125    
5.98           10.71420875    
6.0            10.76254181    
6.02           10.81079153    
6.04           10.85895903    
6.06           10.90704539    
6.08           10.95505169    
6.1            11.00297898    
6.12           11.0508283     
6.14           11.09860066    
6.16           11.14629708    
6.18           11.19391852    
6.2            11.24146598    
6.22           11.28894039    
6.24           11.3363427     
6.26           11.38367384    
6.28           11.43093471    
6.3            11.47812621    
6.32           11.52524922    
6.34           11.5723046     
6.36           11.61929322    
6.38           11.6662159     
6.4            11.71307348    
6.42           11.75986677    
6.44           11.80659657    
6.46           11.85326368    
6.48           11.89986885    
6.5            11.94641287    
6.52           11.99289649    
6.54           12.03932043    
6.56           12.08568545    
6.58           12.13199224    
6.6            12.17824153    
6.62           12.22443401    
6.64           12.27057036    
6.66           12.31665126    
6.68           12.36267738    
6.7            12.40864937    
6.72           12.45456788    
6.74           12.50043355    
6.76           12.546247      
6.78           12.59200885    
6.8            12.63771971    
6.82           12.68338018    
6.84           12.72899086    
6.86           12.77455231    
6.88           12.82006513    
6.9            12.86552987    
6.92           12.91094708    
6.94           12.95631733    
6.96           13.00164115    
6.98           13.04691908    
7.0            13.09215163    
7.02           13.13733934    
7.04           13.1824827     
7.06           13.22758223    
7.08           13.27263842    
7.1            13.31765177    
7.12           13.36262274    
7.14           13.40755183    
7.16           13.45243949    
7.18           13.4972862     
7.2            13.5420924     
7.22           13.58685856    
7.24           13.6315851     
7.26           13.67627248    
7.28           13.72092111    
7.3            13.76553144    
7.32           13.81010387    
7.34           13.85463882    
7.36           13.8991367     
7.38           13.94359791    
7.4            13.98802286    
7.42           14.03241192    
7.44           14.0767655     
7.46           14.12108396    
7.48           14.1653677     
7.5            14.20961707    
7.52           14.25383244    
7.54           14.29801418    
7.56           14.34216265    
7.58           14.38627819    
7.6            14.43036116    
7.62           14.47441189    
7.64           14.51843072    
7.66           14.562418      
7.68           14.60637404    
7.7            14.65029917    
7.72           14.69419372    
7.74           14.738058      
7.76           14.78189233    
7.78           14.82569701    
7.8            14.86947235    
7.82           14.91321864    
7.84           14.95693619    
7.86           15.00062529    
7.88           15.04428623    
7.9            15.0879193     
7.92           15.13152477    
7.94           15.17510293    
7.96           15.21865405    
7.98           15.2621784     
8.0            15.30567625    
8.02           15.34914787    
8.04           15.39259352    
8.06           15.43601345    
8.08           15.47940792    
8.1            15.52277719    
8.12           15.5661215     
8.14           15.6094411     
8.16           15.65273623    
8.18           15.69600713    
8.2            15.73925404    
8.22           15.78247719    
8.24           15.82567681    
8.26           15.86885314    
8.28           15.91200639    
8.3            15.9551368     
8.32           15.99824457    
8.34           16.04132994    
8.36           16.0843931     
8.38           16.12743428    
8.4            16.17045369    
8.42           16.21345153    
8.44           16.25642801    
8.46           16.29938332    
8.48           16.34231768    
8.5            16.38523128    
8.52           16.42812431    
8.54           16.47099696    
8.56           16.51384944    
8.58           16.55668191    
8.6            16.59949459    
8.62           16.64228763    
8.64           16.68506124    
8.66           16.72781559    
8.68           16.77055085    
8.7            16.81326721    
8.72           16.85596483    
8.74           16.89864389    
8.76           16.94130456    
8.78           16.983947      
8.8            17.02657139    
8.82           17.06917788    
8.84           17.11176665    
8.86           17.15433784    
8.88           17.19689162    
8.9            17.23942814    
8.92           17.28194757    
8.94           17.32445004    
8.96           17.36693572    
8.98           17.40940476    
9.0            17.4518573     
9.02           17.49429349    
9.04           17.53671348    
9.06           17.5791174     
9.08           17.6215054     
9.1            17.66387762    
9.12           17.70623421    
9.14           17.74857528    
9.16           17.79090099    
9.18           17.83321147    
9.2            17.87550685    
9.22           17.91778725    
9.24           17.96005282    
9.26           18.00230367    
9.28           18.04453994    
9.3            18.08676175    
9.32           18.12896923    
9.34           18.17116249    
9.36           18.21334167    
9.38           18.25550687    
9.4            18.29765823    
9.42           18.33979585    
9.44           18.38191986    
9.46           18.42403037    
9.48           18.46612749    
9.5            18.50821135    
9.52           18.55028203    
9.54           18.59233967    
9.56           18.63438437    
9.58           18.67641623    
9.6            18.71843537    
9.62           18.76044189    
9.64           18.8024359     
9.66           18.84441749    
9.68           18.88638678    
9.7            18.92834386    
9.72           18.97028883    
9.74           19.0122218     
9.76           19.05414286    
9.78           19.09605211    
9.8            19.13794965    
9.82           19.17983557    
9.84           19.22170996    
9.86           19.26357293    
9.88           19.30542456    
9.9            19.34726495    
9.92           19.38909418    
9.94           19.43091235    
9.96           19.47271954    
9.98           19.51451585    
10.0           19.55630136    
10.02          19.59807615    
10.04          19.63984032    
10.06          19.68159394    
10.08          19.72333711    
10.1           19.7650699     
10.12          19.80679239    
10.14          19.84850468    
10.16          19.89020683    
10.18          19.93189893    
10.2           19.97358105    
10.22          20.01525328    
10.24          20.0569157     
10.26          20.09856837    
10.28          20.14021138    
10.3           20.1818448     
10.32          20.2234687     
10.34          20.26508316    
10.36          20.30668826    
10.38          20.34828406    
10.4           20.38987063    
10.42          20.43144805    
10.44          20.47301639    
10.46          20.51457571    
10.48          20.55612609    
10.5           20.5976676     
10.52          20.63920029    
10.54          20.68072424    
10.56          20.72223952    
10.58          20.76374619    
10.6           20.80524431    
10.62          20.84673396    
10.64          20.88821519    
10.66          20.92968806    
10.68          20.97115265    
10.7           21.012609      
10.72          21.05405719    
10.74          21.09549728    
10.76          21.13692932    
10.78          21.17835337    
10.8           21.2197695     
10.82          21.26117776    
10.84          21.30257822    
10.86          21.34397092    
10.88          21.38535592    
10.9           21.42673329    
10.92          21.46810308    
10.94          21.50946534    
10.96          21.55082012    
10.98          21.5921675     
11.0           21.63350751    
11.02          21.67484021    
11.04          21.71616565    
11.06          21.75748389    
11.08          21.79879498    
11.1           21.84009897    
11.12          21.88139591    
11.14          21.92268585    
11.16          21.96396885    
11.18          22.00524494    
11.2           22.04651419    
11.22          22.08777664    
11.24          22.12903234    
11.26          22.17028134    
11.28          22.21152368    
11.3           22.25275941    
11.32          22.29398858    
11.34          22.33521123    
11.36          22.37642742    
11.38          22.41763718    
11.4           22.45884057    
11.42          22.50003762    
11.44          22.54122838    
11.46          22.58241289    
11.48          22.62359121    
11.5           22.66476336    
11.52          22.7059294     
11.54          22.74708937    
11.56          22.78824331    
11.58          22.82939126    
11.6           22.87053325    
11.62          22.91166935    
11.64          22.95279957    
11.66          22.99392397    
11.68          23.03504259    
11.7           23.07615545    
11.72          23.11726262    
11.74          23.15836411    
11.76          23.19945997    
11.78          23.24055024    
11.8           23.28163496    
11.82          23.32271417    
11.84          23.36378789    
11.86          23.40485618    
11.88          23.44591906    
11.9           23.48697657    
11.92          23.52802875    
11.94          23.56907563    
11.96          23.61011725    
11.98          23.65115365    
12.0           23.69218486    
12.02          23.73321091    
12.04          23.77423184    
12.06          23.81524768    
12.08          23.85625846    
12.1           23.89726423    
12.12          23.93826501    
12.14          23.97926084    
12.16          24.02025174    
12.18          24.06123775    
12.2           24.10221891    
12.22          24.14319524    
12.24          24.18416678    
12.26          24.22513355    
12.28          24.2660956     
12.3           24.30705294    
12.32          24.34800561    
12.34          24.38895365    
12.36          24.42989707    
12.38          24.47083592    
12.4           24.51177021    
12.42          24.55269998    
12.44          24.59362527    
12.46          24.63454609    
12.48          24.67546247    
12.5           24.71637445    
12.52          24.75728205    
12.54          24.7981853     
12.56          24.83908423    
12.58          24.87997887    
12.6           24.92086924    
12.62          24.96175537    
12.64          25.00263729    
12.66          25.04351502    
12.68          25.08438859    
12.7           25.12525802    
12.72          25.16612335    
12.74          25.2069846     
12.76          25.24784179    
12.78          25.28869495    
12.8           25.32954411    
12.82          25.37038928    
12.84          25.4112305     
12.86          25.45206779    
12.88          25.49290117    
12.9           25.53373067    
12.92          25.57455631    
12.94          25.61537812    
12.96          25.65619611    
12.98          25.69701032    
13.0           25.73782077    
13.02          25.77862747    
13.04          25.81943046    
13.06          25.86022976    
13.08          25.90102538    
13.1           25.94181735    
13.12          25.98260569    
13.14          26.02339043    
13.16          26.06417159    
13.18          26.10494918    
13.2           26.14572323    
13.22          26.18649377    
13.24          26.22726081    
13.26          26.26802437    
13.28          26.30878448    
13.3           26.34954115    
13.32          26.39029441    
13.34          26.43104428    
13.36          26.47179077    
13.38          26.51253391    
13.4           26.55327372    
13.42          26.59401022    
13.44          26.63474342    
13.46          26.67547335    
13.48          26.71620003    
13.5           26.75692347    
13.52          26.7976437     
13.54          26.83836073    
13.56          26.87907458    
13.58          26.91978528    
13.6           26.96049283    
13.62          27.00119726    
13.64          27.04189859    
13.66          27.08259684    
13.68          27.12329201    
13.7           27.16398414    
13.72          27.20467324    
13.74          27.24535932    
13.76          27.28604241    
13.78          27.32672252    
13.8           27.36739967    
13.82          27.40807387    
13.84          27.44874515    
13.86          27.48941352    
13.88          27.53007899    
13.9           27.57074159    
13.92          27.61140132    
13.94          27.65205822    
13.96          27.69271228    
13.98          27.73336354    
14.0           27.77401199    
14.02          27.81465767    
14.04          27.85530059    
14.06          27.89594076    
14.08          27.9365782     
14.1           27.97721292    
14.12          28.01784494    
14.14          28.05847427    
14.16          28.09910094    
14.18          28.13972495    
14.2           28.18034631    
14.22          28.22096506    
14.24          28.26158119    
14.26          28.30219472    
14.28          28.34280568    
14.3           28.38341407    
14.32          28.4240199     
14.34          28.4646232     
14.36          28.50522397    
14.38          28.54582223    
14.4           28.586418      
14.42          28.62701128    
14.44          28.6676021     
14.46          28.70819046    
14.48          28.74877637    
14.5           28.78935986    
14.52          28.82994094    
14.54          28.87051962    
14.56          28.9110959     
14.58          28.95166982    
14.6           28.99224137    
14.62          29.03281057    
14.64          29.07337743    
14.66          29.11394198    
14.68          29.15450421    
14.7           29.19506414    
14.72          29.23562179    
14.74          29.27617717    
14.76          29.31673028    
14.78          29.35728115    
14.8           29.39782978    
14.82          29.43837618    
14.84          29.47892038    
14.86          29.51946237    
14.88          29.56000218    
14.9           29.60053981    
14.92          29.64107527    
14.94          29.68160858    
14.96          29.72213975    
14.98          29.76266879    
15.0           29.8031957     
15.02          29.84372052    
15.04          29.88424323    
15.06          29.92476386    
15.08          29.96528242    
15.1           30.00579891    
15.12          30.04631335    
15.14          30.08682575    
15.16          30.12733612    
15.18          30.16784446    
15.2           30.2083508     
15.22          30.24885514    
15.24          30.28935749    
15.26          30.32985787    
15.28          30.37035627    
15.3           30.41085272    
15.32          30.45134723    
15.34          30.49183979    
15.36          30.53233043    
15.38          30.57281915    
15.4           30.61330597    
15.42          30.65379089    
15.44          30.69427392    
15.46          30.73475508    
15.48          30.77523437    
15.5           30.8157118     
15.52          30.85618738    
15.54          30.89666112    
15.56          30.93713304    
15.58          30.97760313    
15.6           31.01807142    
15.62          31.0585379     
15.64          31.09900259    
15.66          31.1394655     
15.68          31.17992664    
15.7           31.22038601    
15.72          31.26084362    
15.74          31.30129949    
15.76          31.34175362    
15.78          31.38220603    
15.8           31.42265671    
15.82          31.46310568    
15.84          31.50355295    
15.86          31.54399852    
15.88          31.58444241    
15.9           31.62488462    
15.92          31.66532516    
15.94          31.70576404    
15.96          31.74620127    
15.98          31.78663686    
16.0           31.82707081    
16.02          31.86750313    
16.04          31.90793383    
16.06          31.94836293    
16.08          31.98879041    
16.1           32.02921631    
16.12          32.06964062    
16.14          32.11006334    
16.16          32.1504845     
16.18          32.19090409    
16.2           32.23132213    
16.22          32.27173862    
16.24          32.31215357    
16.26          32.35256698    
16.28          32.39297887    
16.3           32.43338924    
16.32          32.4737981     
16.34          32.51420546    
16.36          32.55461132    
16.38          32.5950157     
16.4           32.63541859    
16.42          32.67582001    
16.44          32.71621996    
16.46          32.75661845    
16.48          32.79701549    
16.5           32.83741108    
16.52          32.87780524    
16.54          32.91819796    
16.56          32.95858926    
16.58          32.99897914    
16.6           33.03936761    
16.62          33.07975468    
16.64          33.12014034    
16.66          33.16052462    
16.68          33.20090752    
16.7           33.24128903    
16.72          33.28166918    
16.74          33.32204796    
16.76          33.36242539    
16.78          33.40280146    
16.8           33.44317619    
16.82          33.48354958    
16.84          33.52392164    
16.86          33.56429237    
16.88          33.60466178    
16.9           33.64502988    
16.92          33.68539667    
16.94          33.72576217    
16.96          33.76612636    
16.98          33.80648927    
17.0           33.8468509     
17.02          33.88721125    
17.04          33.92757033    
17.06          33.96792815    
17.08          34.00828471    
17.1           34.04864001    
17.12          34.08899407    
17.14          34.12934689    
17.16          34.16969847    
17.18          34.21004882    
17.2           34.25039795    
17.22          34.29074586    
17.24          34.33109256    
17.26          34.37143806    
17.28          34.41178235    
17.3           34.45212545    
17.32          34.49246735    
17.34          34.53280807    
17.36          34.57314762    
17.38          34.61348599    
17.4           34.65382319    
17.42          34.69415923    
17.44          34.73449411    
17.46          34.77482784    
17.48          34.81516042    
17.5           34.85549186    
17.52          34.89582216    
17.54          34.93615134    
17.56          34.97647938    
17.58          35.01680631    
17.6           35.05713212    
17.62          35.09745682    
17.64          35.13778041    
17.66          35.17810291    
17.68          35.21842431    
17.7           35.25874461    
17.72          35.29906383    
17.74          35.33938197    
17.76          35.37969904    
17.78          35.42001503    
17.8           35.46032996    
17.82          35.50064382    
17.84          35.54095663    
17.86          35.58126839    
17.88          35.6215791     
17.9           35.66188876    
17.92          35.70219739    
17.94          35.74250499    
17.96          35.78281155    
17.98          35.8231171     
18.0           35.86342162    
18.02          35.90372513    
18.04          35.94402762    
18.06          35.98432911    
18.08          36.0246296     
18.1           36.0649291     
18.12          36.10522759    
18.14          36.14552511    
18.16          36.18582163    
18.18          36.22611718    
18.2           36.26641175    
18.22          36.30670535    
18.24          36.34699799    
18.26          36.38728966    
18.28          36.42758037    
18.3           36.46787013    
18.32          36.50815894    
18.34          36.5484468     
18.36          36.58873372    
18.38          36.6290197     
18.4           36.66930475    
18.42          36.70958887    
18.44          36.74987207    
18.46          36.79015434    
18.48          36.8304357     
18.5           36.87071614    
18.52          36.91099567    
18.54          36.9512743     
18.56          36.99155202    
18.58          37.03182885    
18.6           37.07210478    
18.62          37.11237983    
18.64          37.15265399    
18.66          37.19292726    
18.68          37.23319966    
18.7           37.27347118    
18.72          37.31374183    
18.74          37.35401161    
18.76          37.39428053    
18.78          37.43454859    
18.8           37.47481579    
18.82          37.51508214    
18.84          37.55534764    
18.86          37.59561229    
18.88          37.63587611    
18.9           37.67613908    
18.92          37.71640122    
18.94          37.75666253    
18.96          37.79692301    
18.98          37.83718266    
19.0           37.8774415     
19.02          37.91769952    
19.04          37.95795672    
19.06          37.99821311    
19.08          38.0384687     
19.1           38.07872348    
19.12          38.11897747    
19.14          38.15923065    
19.16          38.19948304    
19.18          38.23973464    
19.2           38.27998546    
19.22          38.32023549    
19.24          38.36048474    
19.26          38.40073321    
19.28          38.44098091    
19.3           38.48122784    
19.32          38.521474      
19.34          38.56171939    
19.36          38.60196403    
19.38          38.6422079     
19.4           38.68245102    
19.42          38.72269339    
19.44          38.76293501    
19.46          38.80317589    
19.48          38.84341602    
19.5           38.88365541    
19.52          38.92389407    
19.54          38.96413199    
19.56          39.00436918    
19.58          39.04460564    
19.6           39.08484138    
19.62          39.1250764     
19.64          39.1653107     
19.66          39.20554428    
19.68          39.24577715    
19.7           39.28600931    
19.72          39.32624077    
19.74          39.36647151    
19.76          39.40670156    
19.78          39.44693091    
19.8           39.48715956    
19.82          39.52738753    
19.84          39.5676148     
19.86          39.60784138    
19.88          39.64806728    
19.9           39.68829249    
19.92          39.72851703    
19.94          39.76874089    
19.96          39.80896408    
19.98          39.8491866     
20.0           39.88940845    
20.02          39.92962963    
20.04          39.96985015    
20.06          40.01007001    
20.08          40.05028921    
20.1           40.09050776    
20.12          40.13072565    
20.14          40.1709429     
20.16          40.2111595     
20.18          40.25137545    
20.2           40.29159076    
20.22          40.33180543    
20.24          40.37201947    
20.26          40.41223287    
20.28          40.45244564    
20.3           40.49265778    
20.32          40.53286929    
20.34          40.57308018    
20.36          40.61329044    
20.38          40.65350009    
20.4           40.69370911    
20.42          40.73391753    
20.44          40.77412533    
20.46          40.81433252    
20.48          40.8545391     
20.5           40.89474508    
20.52          40.93495046    
20.54          40.97515523    
20.56          41.01535941    
20.58          41.05556299    
20.6           41.09576598    
20.62          41.13596837    
20.64          41.17617018    
20.66          41.2163714     
20.68          41.25657204    
20.7           41.29677209    
20.72          41.33697157    
20.74          41.37717046    
20.76          41.41736878    
20.78          41.45756653    
20.8           41.49776371    
20.82          41.53796032    
20.84          41.57815636    
20.86          41.61835184    
20.88          41.65854675    
20.9           41.69874111    
20.92          41.7389349     
20.94          41.77912814    
20.96          41.81932083    
20.98          41.85951297    
21.0           41.89970455    
21.02          41.93989559    
21.04          41.98008609    
21.06          42.02027604    
21.08          42.06046545    
21.1           42.10065432    
21.12          42.14084265    
21.14          42.18103045    
21.16          42.22121771    
21.18          42.26140445    
21.2           42.30159065    
21.22          42.34177633    
21.24          42.38196148    
21.26          42.42214611    
21.28          42.46233022    
21.3           42.50251381    
21.32          42.54269688    
21.34          42.58287944    
21.36          42.62306148    
21.38          42.66324302    
21.4           42.70342404    
21.42          42.74360456    
21.44          42.78378457    
21.46          42.82396407    
21.48          42.86414308    
21.5           42.90432158    
21.52          42.94449959    
21.54          42.9846771     
21.56          43.02485411    
21.58          43.06503064    
21.6           43.10520667    
21.62          43.14538221    
21.64          43.18555727    
21.66          43.22573184    
21.68          43.26590593    
21.7           43.30607953    
21.72          43.34625266    
21.74          43.3864253     
21.76          43.42659747    
21.78          43.46676917    
21.8           43.50694039    
21.82          43.54711114    
21.84          43.58728143    
21.86          43.62745124    
21.88          43.66762059    
21.9           43.70778947    
21.92          43.74795789    
21.94          43.78812585    
21.96          43.82829335    
21.98          43.8684604     
22.0           43.90862698    
22.02          43.94879312    
22.04          43.9889588     
22.06          44.02912403    
22.08          44.06928881    
22.1           44.10945314    
22.12          44.14961702    
22.14          44.18978047    
22.16          44.22994346    
22.18          44.27010602    
22.2           44.31026814    
22.22          44.35042982    
22.24          44.39059106    
22.26          44.43075187    
22.28          44.47091224    
22.3           44.51107218    
22.32          44.55123169    
22.34          44.59139078    
22.36          44.63154943    
22.38          44.67170766    
22.4           44.71186547    
22.42          44.75202285    
22.44          44.79217981    
22.46          44.83233636    
22.48          44.87249248    
22.5           44.91264819    
22.52          44.95280348    
22.54          44.99295836    
22.56          45.03311282    
22.58          45.07326688    
22.6           45.11342053    
22.62          45.15357376    
22.64          45.19372659    
22.66          45.23387902    
22.68          45.27403104    
22.7           45.31418266    
22.72          45.35433388    
22.74          45.39448471    
22.76          45.43463513    
22.78          45.47478515    
22.8           45.51493479    
22.82          45.55508402    
22.84          45.59523287    
22.86          45.63538132    
22.88          45.67552939    
22.9           45.71567706    
22.92          45.75582435    
22.94          45.79597125    
22.96          45.83611777    
22.98          45.87626391    
23.0           45.91640966    
23.02          45.95655504    
23.04          45.99670003    
23.06          46.03684465    
23.08          46.07698889    
23.1           46.11713276    
23.12          46.15727625    
23.14          46.19741937    
23.16          46.23756212    
23.18          46.2777045     
23.2           46.31784651    
23.22          46.35798816    
23.24          46.39812944    
23.26          46.43827035    
23.28          46.4784109     
23.3           46.51855109    
23.32          46.55869091    
23.34          46.59883038    
23.36          46.63896949    
23.38          46.67910824    
23.4           46.71924663    
23.42          46.75938467    
23.44          46.79952236    
23.46          46.83965969    
23.48          46.87979668    
23.5           46.91993331    
23.52          46.96006959    
23.54          47.00020553    
23.56          47.04034112    
23.58          47.08047636    
23.6           47.12061126    
23.62          47.16074582    
23.64          47.20088004    
23.66          47.24101391    
23.68          47.28114745    
23.7           47.32128064    
23.72          47.3614135     
23.74          47.40154603    
23.76          47.44167821    
23.78          47.48181007    
23.8           47.52194159    
23.82          47.56207278    
23.84          47.60220364    
23.86          47.64233417    
23.88          47.68246438    
23.9           47.72259425    
23.92          47.7627238     
23.94          47.80285302    
23.96          47.84298193    
23.98          47.8831105     
24.0           47.92323876    
24.02          47.96336669    
24.04          48.00349431    
24.06          48.04362161    
24.08          48.08374859    
24.1           48.12387525    
24.12          48.1640016     
24.14          48.20412763    
24.16          48.24425335    
24.18          48.28437876    
24.2           48.32450386    
24.22          48.36462865    
24.24          48.40475312    
24.26          48.44487729    
24.28          48.48500116    
24.3           48.52512471    
24.32          48.56524796    
24.34          48.60537091    
24.36          48.64549356    
24.38          48.6856159     
24.4           48.72573794    
24.42          48.76585968    
24.44          48.80598112    
24.46          48.84610227    
24.48          48.88622311    
24.5           48.92634366    
24.52          48.96646392    
24.54          49.00658388    
24.56          49.04670355    
24.58          49.08682292    
24.6           49.12694201    
24.62          49.1670608     
24.64          49.2071793     
24.66          49.24729752    
24.68          49.28741545    
24.7           49.32753309    
24.72          49.36765044    
24.74          49.40776751    
24.76          49.4478843     
24.78          49.4880008     
24.8           49.52811703    
24.82          49.56823297    
24.84          49.60834863    
24.86          49.64846401    
24.88          49.68857911    
24.9           49.72869393    
24.92          49.76880848    
24.94          49.80892275    
24.96          49.84903675    
24.98          49.88915047    
25.0           49.92926392    
25.02          49.9693771     
25.04          50.00949001    
25.06          50.04960264    
25.08          50.08971501    
25.1           50.12982711    
25.12          50.16993894    
25.14          50.2100505     
25.16          50.25016179    
25.18          50.29027283    
25.2           50.33038359    
25.22          50.37049409    
25.24          50.41060433    
25.26          50.45071431    
25.28          50.49082403    
25.3           50.53093348    
25.32          50.57104268    
25.34          50.61115162    
25.36          50.65126029    
25.38          50.69136872    
25.4           50.73147688    
25.42          50.77158479    
25.44          50.81169245    
25.46          50.85179985    
25.48          50.891907      
25.5           50.9320139     
25.52          50.97212054    
25.54          51.01222693    
25.56          51.05233308    
25.58          51.09243897    
25.6           51.13254462    
25.62          51.17265002    
25.64          51.21275517    
25.66          51.25286008    
25.68          51.29296474    
25.7           51.33306915    
25.72          51.37317333    
25.74          51.41327726    
25.76          51.45338094    
25.78          51.49348439    
25.8           51.53358759    
25.82          51.57369056    
25.84          51.61379329    
25.86          51.65389577    
25.88          51.69399802    
25.9           51.73410003    
25.92          51.77420181    
25.94          51.81430335    
25.96          51.85440466    
25.98          51.89450573    
26.0           51.93460657    
26.02          51.97470717    
26.04          52.01480754    
26.06          52.05490769    
26.08          52.0950076     
26.1           52.13510728    
26.12          52.17520673    
26.14          52.21530596    
26.16          52.25540495    
26.18          52.29550372    
26.2           52.33560226    
26.22          52.37570058    
26.24          52.41579867    
26.26          52.45589654    
26.28          52.49599419    
26.3           52.53609161    
26.32          52.57618881    
26.34          52.61628578    
26.36          52.65638254    
26.38          52.69647908    
26.4           52.73657539    
26.42          52.77667149    
26.44          52.81676737    
26.46          52.85686303    
26.48          52.89695848    
26.5           52.93705371    
26.52          52.97714872    
26.54          53.01724352    
26.56          53.0573381     
26.58          53.09743247    
26.6           53.13752663    
26.62          53.17762058    
26.64          53.21771431    
26.66          53.25780783    
26.68          53.29790114    
26.7           53.33799424    
26.72          53.37808714    
26.74          53.41817982    
26.76          53.4582723     
26.78          53.49836456    
26.8           53.53845663    
26.82          53.57854848    
26.84          53.61864013    
26.86          53.65873158    
26.88          53.69882282    
26.9           53.73891386    
26.92          53.77900469    
26.94          53.81909532    
26.96          53.85918575    
26.98          53.89927598    
27.0           53.93936601    
27.02          53.97945584    
27.04          54.01954547    
27.06          54.0596349     
27.08          54.09972413    
27.1           54.13981316    
27.12          54.179902      
27.14          54.21999064    
27.16          54.26007908    
27.18          54.30016733    
27.2           54.34025539    
27.22          54.38034325    
27.24          54.42043091    
27.26          54.46051838    
27.28          54.50060566    
27.3           54.54069275    
27.32          54.58077965    
27.34          54.62086636    
27.36          54.66095287    
27.38          54.7010392     
27.4           54.74112534    
27.42          54.78121128    
27.44          54.82129704    
27.46          54.86138262    
27.48          54.901468      
27.5           54.9415532     
27.52          54.98163822    
27.54          55.02172304    
27.56          55.06180769    
27.58          55.10189215    
27.6           55.14197642    
27.62          55.18206051    
27.64          55.22214442    
27.66          55.26222815    
27.68          55.3023117     
27.7           55.34239506    
27.72          55.38247825    
27.74          55.42256125    
27.76          55.46264407    
27.78          55.50272672    
27.8           55.54280919    
27.82          55.58289148    
27.84          55.62297359    
27.86          55.66305552    
27.88          55.70313728    
27.9           55.74321886    
27.92          55.78330027    
27.94          55.8233815     
27.96          55.86346256    
27.98          55.90354344    
28.0           55.94362415    
28.02          55.98370469    
28.04          56.02378505    
28.06          56.06386524    
28.08          56.10394527    
28.1           56.14402512    
28.12          56.18410479    
28.14          56.2241843     
28.16          56.26426364    
28.18          56.30434282    
28.2           56.34442182    
28.22          56.38450065    
28.24          56.42457932    
28.26          56.46465782    
28.28          56.50473615    
28.3           56.54481432    
28.32          56.58489232    
28.34          56.62497015    
28.36          56.66504783    
28.38          56.70512533    
28.4           56.74520267    
28.42          56.78527985    
28.44          56.82535687    
28.46          56.86543372    
28.48          56.90551042    
28.5           56.94558695    
28.52          56.98566332    
28.54          57.02573952    
28.56          57.06581557    
28.58          57.10589146    
28.6           57.14596719    
28.62          57.18604276    
28.64          57.22611817    
28.66          57.26619343    
28.68          57.30626852    
28.7           57.34634346    
28.72          57.38641824    
28.74          57.42649287    
28.76          57.46656734    
28.78          57.50664166    
28.8           57.54671582    
28.82          57.58678982    
28.84          57.62686367    
28.86          57.66693737    
28.88          57.70701092    
28.9           57.74708431    
28.92          57.78715755    
28.94          57.82723064    
28.96          57.86730357    
28.98          57.90737636    
29.0           57.94744899    
29.02          57.98752148    
29.04          58.02759381    
29.06          58.067666      
29.08          58.10773803    
29.1           58.14780992    
29.12          58.18788166    
29.14          58.22795325    
29.16          58.26802469    
29.18          58.30809599    
29.2           58.34816714    
29.22          58.38823814    
29.24          58.428309      
29.26          58.46837971    
29.28          58.50845028    
29.3           58.54852071    
29.32          58.58859098    
29.34          58.62866112    
29.36          58.66873111    
29.38          58.70880096    
29.4           58.74887067    
29.42          58.78894023    
29.44          58.82900965    
29.46          58.86907893    
29.48          58.90914807    
29.5           58.94921707    
29.52          58.98928593    
29.54          59.02935465    
29.56          59.06942322    
29.58          59.10949166    
29.6           59.14955996    
29.62          59.18962813    
29.64          59.22969615    
29.66          59.26976404    
29.68          59.30983179    
29.7           59.3498994     
29.72          59.38996687    
29.74          59.43003421    
29.76          59.47010142    
29.78          59.51016849    
29.8           59.55023542    
29.82          59.59030222    
29.84          59.63036888    
29.86          59.67043541    
29.88          59.71050181    
29.9           59.75056807    
29.92          59.7906342     
29.94          59.83070019    
29.96          59.87076606    
29.98          59.91083179    
30.0           59.95089739    
30.02          59.99096286    
30.04          60.0310282     
30.06          60.07109341    
30.08          60.11115849    
30.1           60.15122344    
30.12          60.19128826    
30.14          60.23135295    
30.16          60.27141751    
30.18          60.31148194    
30.2           60.35154625    
30.22          60.39161043    
30.24          60.43167448    
30.26          60.4717384     
30.28          60.51180219    
30.3           60.55186586    
30.32          60.59192941    
30.34          60.63199282    
30.36          60.67205612    
30.38          60.71211928    
30.4           60.75218233    
30.42          60.79224524    
30.44          60.83230804    
30.46          60.87237071    
30.48          60.91243326    
30.5           60.95249568    
30.52          60.99255798    
30.54          61.03262016    
30.56          61.07268221    
30.58          61.11274415    
30.6           61.15280596    
30.62          61.19286765    
30.64          61.23292922    
30.66          61.27299067    
30.68          61.313052      
30.7           61.35311321    
30.72          61.3931743     
30.74          61.43323527    
30.76          61.47329613    
30.78          61.51335686    
30.8           61.55341747    
30.82          61.59347797    
30.84          61.63353835    
30.86          61.67359861    
30.88          61.71365876    
30.9           61.75371878    
30.92          61.79377869    
30.94          61.83383849    
30.96          61.87389817    
30.98          61.91395773    
31.0           61.95401718    
31.02          61.99407651    
31.04          62.03413573    
31.06          62.07419483    
31.08          62.11425382    
31.1           62.1543127     
31.12          62.19437146    
31.14          62.23443011    
31.16          62.27448864    
31.18          62.31454707    
31.2           62.35460538    
31.22          62.39466357    
31.24          62.43472166    
31.26          62.47477964    
31.28          62.5148375     
31.3           62.55489525    
31.32          62.59495289    
31.34          62.63501043    
31.36          62.67506785    
31.38          62.71512516    
31.4           62.75518236    
31.42          62.79523945    
31.44          62.83529644    
31.46          62.87535331    
31.48          62.91541008    
31.5           62.95546673    
31.52          62.99552329    
31.54          63.03557973    
31.56          63.07563606    
31.58          63.11569229    
31.6           63.15574841    
31.62          63.19580443    
31.64          63.23586034    
31.66          63.27591614    
31.68          63.31597183    
31.7           63.35602743    
31.72          63.39608291    
31.74          63.43613829    
31.76          63.47619357    
31.78          63.51624874    
31.8           63.55630381    
31.82          63.59635877    
31.84          63.63641363    
31.86          63.67646839    
31.88          63.71652304    
31.9           63.75657759    
31.92          63.79663204    
31.94          63.83668639    
31.96          63.87674063    
31.98          63.91679477    
32.0           63.95684881    
32.02          63.99690275    
32.04          64.03695659    
32.06          64.07701033    
32.08          64.11706396    
32.1           64.1571175     
32.12          64.19717094    
32.14          64.23722427    
32.16          64.27727751    
32.18          64.31733065    
32.2           64.35738368    
32.22          64.39743662    
32.24          64.43748946    
32.26          64.47754221    
32.28          64.51759485    
32.3           64.5576474     
32.32          64.59769985    
32.34          64.6377522     
32.36          64.67780445    
32.38          64.71785661    
32.4           64.75790867    
32.42          64.79796064    
32.44          64.83801251    
32.46          64.87806428    
32.48          64.91811595    
32.5           64.95816754    
32.52          64.99821902    
32.54          65.03827041    
32.56          65.07832171    
32.58          65.11837291    
32.6           65.15842402    
32.62          65.19847503    
32.64          65.23852595    
32.66          65.27857678    
32.68          65.31862751    
32.7           65.35867815    
32.72          65.3987287     
32.74          65.43877915    
32.76          65.47882951    
32.78          65.51887978    
32.8           65.55892996    
32.82          65.59898004    
32.84          65.63903004    
32.86          65.67907994    
32.88          65.71912975    
32.9           65.75917947    
32.92          65.7992291     
32.94          65.83927864    
32.96          65.87932809    
32.98          65.91937745    
33.0           65.95942672    
33.02          65.9994759     
33.04          66.03952499    
33.06          66.07957399    
33.08          66.1196229     
33.1           66.15967173    
33.12          66.19972046    
33.14          66.23976911    
33.16          66.27981767    
33.18          66.31986614    
33.2           66.35991452    
33.22          66.39996282    
33.24          66.44001103    
33.26          66.48005915    
33.28          66.52010718    
33.3           66.56015513    
33.32          66.60020299    
33.34          66.64025077    
33.36          66.68029846    
33.38          66.72034606    
33.4           66.76039358    
33.42          66.80044101    
33.44          66.84048836    
33.46          66.88053562    
33.48          66.9205828     
33.5           66.96062989    
33.52          67.0006769     
33.54          67.04072383    
33.56          67.08077067    
33.58          67.12081743    
33.6           67.1608641     
33.62          67.20091069    
33.64          67.2409572     
33.66          67.28100362    
33.68          67.32104996    
33.7           67.36109622    
33.72          67.4011424     
33.74          67.44118849    
33.76          67.4812345     
33.78          67.52128044    
33.8           67.56132628    
33.82          67.60137205    
33.84          67.64141774    
33.86          67.68146334    
33.88          67.72150887    
33.9           67.76155431    
33.92          67.80159968    
33.94          67.84164496    
33.96          67.88169016    
33.98          67.92173529    
34.0           67.96178033    
34.02          68.0018253     
34.04          68.04187018    
34.06          68.08191499    
34.08          68.12195971    
34.1           68.16200436    
34.12          68.20204893    
34.14          68.24209342    
34.16          68.28213784    
34.18          68.32218217    
34.2           68.36222643    
34.22          68.40227061    
34.24          68.44231471    
34.26          68.48235873    
34.28          68.52240268    
34.3           68.56244655    
34.32          68.60249035    
34.34          68.64253406    
34.36          68.68257771    
34.38          68.72262127    
34.4           68.76266476    
34.42          68.80270817    
34.44          68.84275151    
34.46          68.88279477    
34.48          68.92283796    
34.5           68.96288107    
34.52          69.00292411    
34.54          69.04296707    
34.56          69.08300996    
34.58          69.12305277    
34.6           69.16309551    
34.62          69.20313817    
34.64          69.24318076    
34.66          69.28322328    
34.68          69.32326572    
34.7           69.36330809    
34.72          69.40335039    
34.74          69.44339261    
34.76          69.48343476    
34.78          69.52347684    
34.8           69.56351884    
34.82          69.60356077    
34.84          69.64360263    
34.86          69.68364442    
34.88          69.72368614    
34.9           69.76372778    
34.92          69.80376935    
34.94          69.84381086    
34.96          69.88385229    
34.98          69.92389364    
35.0           69.96393493    
35.02          70.00397615    
35.04          70.0440173     
35.06          70.08405837    
35.08          70.12409938    
35.1           70.16414031    
35.12          70.20418118    
35.14          70.24422198    
35.16          70.2842627     
35.18          70.32430336    
35.2           70.36434395    
35.22          70.40438446    
35.24          70.44442491    
35.26          70.48446529    
35.28          70.52450561    
35.3           70.56454585    
35.32          70.60458602    
35.34          70.64462613    
35.36          70.68466617    
35.38          70.72470614    
35.4           70.76474604    
35.42          70.80478588    
35.44          70.84482564    
35.46          70.88486534    
35.48          70.92490498    
35.5           70.96494454    
35.52          71.00498404    
35.54          71.04502347    
35.56          71.08506284    
35.58          71.12510214    
35.6           71.16514137    
35.62          71.20518054    
35.64          71.24521964    
35.66          71.28525868    
35.68          71.32529765    
35.7           71.36533655    
35.72          71.40537539    
35.74          71.44541416    
35.76          71.48545287    
35.78          71.52549151    
35.8           71.56553009    
35.82          71.60556861    
35.84          71.64560705    
35.86          71.68564544    
35.88          71.72568376    
35.9           71.76572202    
35.92          71.80576021    
35.94          71.84579834    
35.96          71.8858364     
35.98          71.92587441    
36.0           71.96591234    
36.02          72.00595022    
36.04          72.04598803    
36.06          72.08602578    
36.08          72.12606347    
36.1           72.16610109    
36.12          72.20613865    
36.14          72.24617615    
36.16          72.28621359    
36.18          72.32625096    
36.2           72.36628827    
36.22          72.40632552    
36.24          72.44636271    
36.26          72.48639984    
36.28          72.52643691    
36.3           72.56647391    
36.32          72.60651085    
36.34          72.64654774    
36.36          72.68658456    
36.38          72.72662132    
36.4           72.76665802    
36.42          72.80669466    
36.44          72.84673124    
36.46          72.88676776    
36.48          72.92680421    
36.5           72.96684061    
36.52          73.00687695    
36.54          73.04691323    
36.56          73.08694945    
36.58          73.12698561    
36.6           73.16702171    
36.62          73.20705775    
36.64          73.24709374    
36.66          73.28712966    
36.68          73.32716553    
36.7           73.36720133    
36.72          73.40723708    
36.74          73.44727277    
36.76          73.4873084     
36.78          73.52734397    
36.8           73.56737949    
36.82          73.60741495    
36.84          73.64745035    
36.86          73.68748569    
36.88          73.72752097    
36.9           73.7675562     
36.92          73.80759137    
36.94          73.84762648    
36.96          73.88766154    
36.98          73.92769653    
37.0           73.96773148    
37.02          74.00776636    
37.04          74.04780119    
37.06          74.08783596    
37.08          74.12787068    
37.1           74.16790534    
37.12          74.20793994    
37.14          74.24797449    
37.16          74.28800898    
37.18          74.32804341    
37.2           74.36807779    
37.22          74.40811212    
37.24          74.44814639    
37.26          74.4881806     
37.28          74.52821476    
37.3           74.56824887    
37.32          74.60828292    
37.34          74.64831691    
37.36          74.68835085    
37.38          74.72838474    
37.4           74.76841857    
37.42          74.80845235    
37.44          74.84848607    
37.46          74.88851974    
37.48          74.92855335    
37.5           74.96858691    
37.52          75.00862042    
37.54          75.04865387    
37.56          75.08868727    
37.58          75.12872062    
37.6           75.16875391    
37.62          75.20878715    
37.64          75.24882034    
37.66          75.28885348    
37.68          75.32888656    
37.7           75.36891959    
37.72          75.40895256    
37.74          75.44898549    
37.76          75.48901836    
37.78          75.52905118    
37.8           75.56908395    
37.82          75.60911666    
37.84          75.64914933    
37.86          75.68918194    
37.88          75.7292145     
37.9           75.76924701    
37.92          75.80927946    
37.94          75.84931187    
37.96          75.88934422    
37.98          75.92937653    
38.0           75.96940878    
38.02          76.00944098    
38.04          76.04947313    
38.06          76.08950523    
38.08          76.12953728    
38.1           76.16956928    
38.12          76.20960123    
38.14          76.24963312    
38.16          76.28966497    
38.18          76.32969677    
38.2           76.36972852    
38.22          76.40976022    
38.24          76.44979186    
38.26          76.48982346    
38.28          76.52985501    
38.3           76.56988651    
38.32          76.60991796    
38.34          76.64994936    
38.36          76.68998071    
38.38          76.73001202    
38.4           76.77004327    
38.42          76.81007447    
38.44          76.85010563    
38.46          76.89013674    
38.48          76.9301678     
38.5           76.97019881    
38.52          77.01022977    
38.54          77.05026068    
38.56          77.09029155    
38.58          77.13032237    
38.6           77.17035314    
38.62          77.21038386    
38.64          77.25041453    
38.66          77.29044516    
38.68          77.33047574    
38.7           77.37050627    
38.72          77.41053676    
38.74          77.45056719    
38.76          77.49059758    
38.78          77.53062793    
38.8           77.57065822    
38.82          77.61068847    
38.84          77.65071868    
38.86          77.69074883    
38.88          77.73077894    
38.9           77.770809      
38.92          77.81083902    
38.94          77.85086899    
38.96          77.89089891    
38.98          77.93092879    
39.0           77.97095862    
39.02          78.01098841    
39.04          78.05101815    
39.06          78.09104784    
39.08          78.13107749    
39.1           78.1711071     
39.12          78.21113665    
39.14          78.25116617    
39.16          78.29119563    
39.18          78.33122506    
39.2           78.37125443    
39.22          78.41128377    
39.24          78.45131305    
39.26          78.4913423     
39.28          78.53137149    
39.3           78.57140065    
39.32          78.61142976    
39.34          78.65145882    
39.36          78.69148784    
39.38          78.73151682    
39.4           78.77154575    
39.42          78.81157464    
39.44          78.85160348    
39.46          78.89163228    
39.48          78.93166103    
39.5           78.97168975    
39.52          79.01171842    
39.54          79.05174704    
39.56          79.09177562    
39.58          79.13180416    
39.6           79.17183266    
39.62          79.21186111    
39.64          79.25188952    
39.66          79.29191788    
39.68          79.3319462     
39.7           79.37197448    
39.72          79.41200272    
39.74          79.45203092    
39.76          79.49205907    
39.78          79.53208718    
39.8           79.57211525    
39.82          79.61214327    
39.84          79.65217125    
39.86          79.69219919    
39.88          79.73222709    
39.9           79.77225495    
39.92          79.81228276    
39.94          79.85231054    
39.96          79.89233827    
39.98          79.93236596    
40.0           79.9723936     
40.02          80.01242121    
40.04          80.05244878    
40.06          80.0924763     
40.08          80.13250378    
40.1           80.17253122    
40.12          80.21255862    
40.14          80.25258598    
40.16          80.2926133     
40.18          80.33264058    
40.2           80.37266782    
40.22          80.41269501    
40.24          80.45272217    
40.26          80.49274928    
40.28          80.53277636    
40.3           80.57280339    
40.32          80.61283039    
40.34          80.65285734    
40.36          80.69288425    
40.38          80.73291113    
40.4           80.77293796    
40.42          80.81296476    
40.44          80.85299151    
40.46          80.89301822    
40.48          80.9330449     
40.5           80.97307154    
40.52          81.01309813    
40.54          81.05312469    
40.56          81.09315121    
40.58          81.13317768    
40.6           81.17320412    
40.62          81.21323052    
40.64          81.25325688    
40.66          81.2932832     
40.68          81.33330949    
40.7           81.37333573    
40.72          81.41336194    
40.74          81.45338811    
40.76          81.49341423    
40.78          81.53344032    
40.8           81.57346638    
40.82          81.61349239    
40.84          81.65351836    
40.86          81.6935443     
40.88          81.7335702     
40.9           81.77359606    
40.92          81.81362188    
40.94          81.85364767    
40.96          81.89367342    
40.98          81.93369913    
41.0           81.9737248     
41.02          82.01375043    
41.04          82.05377603    
41.06          82.09380159    
41.08          82.13382711    
41.1           82.17385259    
41.12          82.21387804    
41.14          82.25390345    
41.16          82.29392883    
41.18          82.33395416    
41.2           82.37397946    
41.22          82.41400472    
41.24          82.45402995    
41.26          82.49405514    
41.28          82.53408029    
41.3           82.57410541    
41.32          82.61413049    
41.34          82.65415553    
41.36          82.69418054    
41.38          82.73420551    
41.4           82.77423044    
41.42          82.81425534    
41.44          82.8542802     
41.46          82.89430503    
41.48          82.93432982    
41.5           82.97435457    
41.52          83.01437929    
41.54          83.05440397    
41.56          83.09442862    
41.58          83.13445323    
41.6           83.17447781    
41.62          83.21450235    
41.64          83.25452685    
41.66          83.29455132    
41.68          83.33457576    
41.7           83.37460016    
41.72          83.41462452    
41.74          83.45464885    
41.76          83.49467315    
41.78          83.53469741    
41.8           83.57472163    
41.82          83.61474582    
41.84          83.65476998    
41.86          83.6947941     
41.88          83.73481818    
41.9           83.77484223    
41.92          83.81486625    
41.94          83.85489023    
41.96          83.89491418    
41.98          83.9349381     
42.0           83.97496198    
42.02          84.01498582    
42.04          84.05500963    
42.06          84.09503341    
42.08          84.13505715    
42.1           84.17508086    
42.12          84.21510454    
42.14          84.25512818    
42.16          84.29515179    
42.18          84.33517537    
42.2           84.37519891    
42.22          84.41522242    
42.24          84.45524589    
42.26          84.49526933    
42.28          84.53529274    
42.3           84.57531612    
42.32          84.61533946    
42.34          84.65536277    
42.36          84.69538604    
42.38          84.73540928    
42.4           84.77543249    
42.42          84.81545567    
42.44          84.85547881    
42.46          84.89550193    
42.48          84.935525      
42.5           84.97554805    
42.52          85.01557106    
42.54          85.05559405    
42.56          85.09561699    
42.58          85.13563991    
42.6           85.17566279    
42.62          85.21568565    
42.64          85.25570847    
42.66          85.29573125    
42.68          85.33575401    
42.7           85.37577673    
42.72          85.41579942    
42.74          85.45582208    
42.76          85.49584471    
42.78          85.53586731    
42.8           85.57588987    
42.82          85.61591241    
42.84          85.65593491    
42.86          85.69595738    
42.88          85.73597981    
42.9           85.77600222    
42.92          85.8160246     
42.94          85.85604694    
42.96          85.89606925    
42.98          85.93609154    
43.0           85.97611379    
43.02          86.01613601    
43.04          86.0561582     
43.06          86.09618035    
43.08          86.13620248    
43.1           86.17622458    
43.12          86.21624664    
43.14          86.25626868    
43.16          86.29629068    
43.18          86.33631265    
43.2           86.3763346     
43.22          86.41635651    
43.24          86.45637839    
43.26          86.49640024    
43.28          86.53642206    
43.3           86.57644386    
43.32          86.61646562    
43.34          86.65648735    
43.36          86.69650905    
43.38          86.73653072    
43.4           86.77655236    
43.42          86.81657397    
43.44          86.85659555    
43.46          86.8966171     
43.48          86.93663862    
43.5           86.97666011    
43.52          87.01668158    
43.54          87.05670301    
43.56          87.09672441    
43.58          87.13674578    
43.6           87.17676713    
43.62          87.21678844    
43.64          87.25680973    
43.66          87.29683098    
43.68          87.33685221    
43.7           87.37687341    
43.72          87.41689458    
43.74          87.45691572    
43.76          87.49693683    
43.78          87.53695791    
43.8           87.57697896    
43.82          87.61699999    
43.84          87.65702098    
43.86          87.69704195    
43.88          87.73706288    
43.9           87.77708379    
43.92          87.81710467    
43.94          87.85712553    
43.96          87.89714635    
43.98          87.93716714    
44.0           87.97718791    
44.02          88.01720865    
44.04          88.05722936    
44.06          88.09725004    
44.08          88.13727069    
44.1           88.17729132    
44.12          88.21731192    
44.14          88.25733249    
44.16          88.29735303    
44.18          88.33737354    
44.2           88.37739403    
44.22          88.41741448    
44.24          88.45743492    
44.26          88.49745532    
44.28          88.53747569    
44.3           88.57749604    
44.32          88.61751636    
44.34          88.65753665    
44.36          88.69755692    
44.38          88.73757715    
44.4           88.77759736    
44.42          88.81761755    
44.44          88.8576377     
44.46          88.89765783    
44.48          88.93767793    
44.5           88.977698      
44.52          89.01771805    
44.54          89.05773807    
44.56          89.09775806    
44.58          89.13777803    
44.6           89.17779797    
44.62          89.21781788    
44.64          89.25783777    
44.66          89.29785762    
44.68          89.33787746    
44.7           89.37789726    
44.72          89.41791704    
44.74          89.45793679    
44.76          89.49795652    
44.78          89.53797622    
44.8           89.57799589    
44.82          89.61801554    
44.84          89.65803516    
44.86          89.69805475    
44.88          89.73807432    
44.9           89.77809386    
44.92          89.81811338    
44.94          89.85813286    
44.96          89.89815233    
44.98          89.93817177    
45.0           89.97819118    
45.02          90.01821056    
45.04          90.05822992    
45.06          90.09824926    
45.08          90.13826856    
45.1           90.17828785    
45.12          90.2183071     
45.14          90.25832634    
45.16          90.29834554    
45.18          90.33836472    
45.2           90.37838388    
45.22          90.41840301    
45.24          90.45842211    
45.26          90.49844119    
45.28          90.53846024    
45.3           90.57847927    
45.32          90.61849827    
45.34          90.65851725    
45.36          90.6985362     
45.38          90.73855513    
45.4           90.77857403    
45.42          90.81859291    
45.44          90.85861176    
45.46          90.89863059    
45.48          90.93864939    
45.5           90.97866817    
45.52          91.01868692    
45.54          91.05870565    
45.56          91.09872436    
45.58          91.13874304    
45.6           91.17876169    
45.62          91.21878032    
45.64          91.25879893    
45.66          91.29881751    
45.68          91.33883606    
45.7           91.3788546     
45.72          91.4188731     
45.74          91.45889159    
45.76          91.49891005    
45.78          91.53892848    
45.8           91.57894689    
45.82          91.61896528    
45.84          91.65898364    
45.86          91.69900198    
45.88          91.7390203     
45.9           91.77903859    
45.92          91.81905686    
45.94          91.8590751     
45.96          91.89909332    
45.98          91.93911151    
46.0           91.97912969    
46.02          92.01914783    
46.04          92.05916596    
46.06          92.09918406    
46.08          92.13920214    
46.1           92.17922019    
46.12          92.21923822    
46.14          92.25925623    
46.16          92.29927421    
46.18          92.33929217    
46.2           92.37931011    
46.22          92.41932802    
46.24          92.45934591    
46.26          92.49936378    
46.28          92.53938162    
46.3           92.57939944    
46.32          92.61941724    
46.34          92.65943501    
46.36          92.69945276    
46.38          92.73947049    
46.4           92.7794882     
46.42          92.81950588    
46.44          92.85952354    
46.46          92.89954118    
46.48          92.93955879    
46.5           92.97957638    
46.52          93.01959395    
46.54          93.0596115     
46.56          93.09962902    
46.58          93.13964652    
46.6           93.179664      
46.62          93.21968146    
46.64          93.25969889    
46.66          93.2997163     
46.68          93.33973369    
46.7           93.37975106    
46.72          93.4197684     
46.74          93.45978572    
46.76          93.49980302    
46.78          93.5398203     
46.8           93.57983755    
46.82          93.61985478    
46.84          93.659872      
46.86          93.69988918    
46.88          93.73990635    
46.9           93.7799235     
46.92          93.81994062    
46.94          93.85995772    
46.96          93.8999748     
46.98          93.93999186    
47.0           93.98000889    
47.02          94.02002591    
47.04          94.0600429     
47.06          94.10005987    
47.08          94.14007682    
47.1           94.18009374    
47.12          94.22011065    
47.14          94.26012753    
47.16          94.3001444     
47.18          94.34016124    
47.2           94.38017806    
47.22          94.42019485    
47.24          94.46021163    
47.26          94.50022839    
47.28          94.54024512    
47.3           94.58026183    
47.32          94.62027853    
47.34          94.6602952     
47.36          94.70031185    
47.38          94.74032847    
47.4           94.78034508    
47.42          94.82036167    
47.44          94.86037823    
47.46          94.90039478    
47.48          94.9404113     
47.5           94.9804278     
47.52          95.02044429    
47.54          95.06046075    
47.56          95.10047719    
47.58          95.14049361    
47.6           95.18051001    
47.62          95.22052638    
47.64          95.26054274    
47.66          95.30055908    
47.68          95.3405754     
47.7           95.38059169    
47.72          95.42060797    
47.74          95.46062422    
47.76          95.50064046    
47.78          95.54065667    
47.8           95.58067286    
47.82          95.62068904    
47.84          95.66070519    
47.86          95.70072132    
47.88          95.74073744    
47.9           95.78075353    
47.92          95.8207696     
47.94          95.86078565    
47.96          95.90080168    
47.98          95.9408177     
48.0           95.98083369    
48.02          96.02084966    
48.04          96.06086561    
48.06          96.10088154    
48.08          96.14089746    
48.1           96.18091335    
48.12          96.22092922    
48.14          96.26094507    
48.16          96.30096091    
48.18          96.34097672    
48.2           96.38099251    
48.22          96.42100829    
48.24          96.46102404    
48.26          96.50103978    
48.28          96.54105549    
48.3           96.58107119    
48.32          96.62108686    
48.34          96.66110252    
48.36          96.70111816    
48.38          96.74113377    
48.4           96.78114937    
48.42          96.82116495    
48.44          96.86118051    
48.46          96.90119605    
48.48          96.94121157    
48.5           96.98122707    
48.52          97.02124256    
48.54          97.06125802    
48.56          97.10127347    
48.58          97.14128889    
48.6           97.1813043     
48.62          97.22131968    
48.64          97.26133505    
48.66          97.3013504     
48.68          97.34136573    
48.7           97.38138104    
48.72          97.42139634    
48.74          97.46141161    
48.76          97.50142687    
48.78          97.5414421     
48.8           97.58145732    
48.82          97.62147252    
48.84          97.6614877     
48.86          97.70150286    
48.88          97.741518      
48.9           97.78153313    
48.92          97.82154823    
48.94          97.86156332    
48.96          97.90157839    
48.98          97.94159344    
49.0           97.98160847    
49.02          98.02162349    
49.04          98.06163848    
49.06          98.10165346    
49.08          98.14166842    
49.1           98.18168336    
49.12          98.22169828    
49.14          98.26171318    
49.16          98.30172807    
49.18          98.34174294    
49.2           98.38175778    
49.22          98.42177262    
49.24          98.46178743    
49.26          98.50180222    
49.28          98.541817      
49.3           98.58183176    
49.32          98.6218465     
49.34          98.66186122    
49.36          98.70187593    
49.38          98.74189062    
49.4           98.78190529    
49.42          98.82191994    
49.44          98.86193457    
49.46          98.90194919    
49.48          98.94196378    
49.5           98.98197837    
49.52          99.02199293    
49.54          99.06200747    
49.56          99.102022      
49.58          99.14203651    
49.6           99.182051      
49.62          99.22206548    
49.64          99.26207994    
49.66          99.30209438    
49.68          99.3421088     
49.7           99.3821232     
49.72          99.42213759    
49.74          99.46215196    
49.76          99.50216632    
49.78          99.54218065    
49.8           99.58219497    
49.82          99.62220927    
49.84          99.66222355    
49.86          99.70223782    
49.88          99.74225207    
49.9           99.7822663     
49.92          99.82228052    
49.94          99.86229472    
49.96          99.9023089     
49.98          99.94232306    
50.0           99.98233721    
